189	393	418	0.14285714285714285
189	376	437	0.2
189	421	436	0.5
440	142	167	0.14285714285714285
440	125	186	0.2
440	170	185	0.5
105	170	224	0.1242067089755213
105	111	170	0.11209842788790157
105	56	125	0.13048556649424328
105	125	137	0.10429397865232624
105	111	137	0.10971011077068112
105	137	224	0.15030911901081917
105	167	224	0.10297619047619047
105	152	224	0.10121809744779582
105	180	224	0.12660028449502134
105	59	224	0.22993827160493827
105	152	192	0.15606936416184972
105	149	208	0.6
356	421	475	0.1242067089755213
356	362	421	0.11209842788790157
356	307	376	0.13048556649424328
356	376	388	0.10429397865232624
356	362	388	0.10971011077068112
356	388	475	0.15030911901081917
356	418	475	0.10297619047619047
356	403	475	0.10121809744779582
356	431	475	0.12660028449502134
356	310	475	0.22993827160493827
356	403	443	0.15606936416184972
356	400	459	0.6
225	19	59	0.11851851851851852
225	6	19	0.116
225	19	64	0.1044776119402985
225	171	172	0.1651376146788991
476	270	310	0.11851851851851852
476	257	270	0.116
476	270	315	0.1044776119402985
476	422	423	0.1651376146788991
250	292	494	0.19119537275064266
250	172	243	0.4320388349514563
501	41	243	0.19119537275064266
501	423	494	0.4320388349514563
174	105	170	0.10516252390057361
174	59	105	0.14347125201504568
174	111	171	0.1357142857142857
174	64	111	0.14732142857142858
425	356	421	0.10516252390057361
425	310	356	0.14347125201504568
425	362	422	0.1357142857142857
425	315	362	0.14732142857142858
138	139	170	0.16
138	140	183	0.1111111111111111
138	64	139	0.10526315789473684
389	390	421	0.16
389	391	434	0.1111111111111111
389	315	390	0.10526315789473684
235	225	245	0.2644230769230769
235	64	245	0.10197368421052631
235	179	245	0.14375
235	168	245	0.11577181208053691
486	476	496	0.2644230769230769
486	315	496	0.10197368421052631
486	430	496	0.14375
486	419	496	0.11577181208053691
144	125	248	0.17777777777777778
144	56	138	0.1125
144	56	184	0.18478260869565216
144	56	151	0.1864406779661017
144	105	113	0.3181818181818182
144	105	119	0.2222222222222222
144	92	105	0.10256410256410256
144	149	224	0.14074074074074075
144	224	225	0.10943396226415095
144	208	224	0.1836734693877551
144	196	224	0.13089005235602094
144	184	224	0.10256410256410256
144	113	224	0.2236842105263158
144	58	224	0.10638297872340426
144	119	224	0.5
144	223	224	0.21212121212121213
144	113	126	0.5
144	57	113	0.1875
144	180	223	0.2
144	149	172	0.13541666666666666
144	138	172	0.10227272727272728
144	151	172	0.13157894736842105
144	167	184	0.13513513513513514
144	149	167	0.13709677419354838
144	58	167	0.15789473684210525
144	167	196	0.14285714285714285
144	137	223	0.1978021978021978
144	137	187	0.2727272727272727
144	133	196	0.12716763005780346
144	58	133	0.125
144	133	178	0.11904761904761904
144	133	223	0.2
144	152	225	0.15079365079365079
144	152	171	0.11614730878186968
144	152	196	0.17365269461077845
144	152	182	0.12121212121212122
144	152	208	0.20689655172413793
144	149	152	0.1016949152542373
144	111	138	0.16279069767441862
144	111	184	0.18333333333333332
144	58	111	0.26666666666666666
144	111	196	0.2300469483568075
144	111	151	0.2032520325203252
144	59	60	0.3
144	59	140	0.25
144	59	149	0.2727272727272727
144	59	151	0.15178571428571427
144	59	178	0.2
144	59	183	0.25333333333333335
144	59	139	0.140625
144	168	208	0.18584070796460178
144	168	183	0.1282051282051282
144	58	168	0.1875
144	168	223	0.29411764705882354
144	140	170	0.12962962962962962
144	58	170	0.21428571428571427
144	138	170	0.14285714285714285
144	170	183	0.16666666666666666
144	149	170	0.2631578947368421
144	170	191	0.17721518987341772
144	170	248	0.12121212121212122
144	139	170	0.16
144	60	202	0.16666666666666666
144	140	202	0.11764705882352941
144	149	202	0.375
144	183	202	0.23809523809523808
144	151	202	0.18181818181818182
144	60	64	0.2222222222222222
144	64	183	0.3
144	60	174	0.3333333333333333
144	174	196	0.28205128205128205
144	174	183	0.2
144	6	57	0.15217391304347827
144	6	60	0.19047619047619047
144	171	183	0.3333333333333333
144	58	171	0.5
144	149	171	0.3333333333333333
144	140	171	0.125
144	171	223	0.16666666666666666
144	391	434	0.1111111111111111
144	19	208	0.10810810810810811
144	60	225	0.2222222222222222
144	139	167	0.23809523809523808
144	18	125	0.125
144	64	151	0.2
144	64	139	0.10526315789473684
144	64	191	0.12345679012345678
144	138	171	0.14285714285714285
144	139	171	0.1111111111111111
144	127	171	0.21052631578947367
395	376	499	0.17777777777777778
395	307	389	0.1125
395	307	435	0.18478260869565216
395	307	402	0.1864406779661017
395	356	364	0.3181818181818182
395	356	370	0.2222222222222222
395	343	356	0.10256410256410256
395	400	475	0.14074074074074075
395	475	476	0.10943396226415095
395	459	475	0.1836734693877551
395	447	475	0.13089005235602094
395	435	475	0.10256410256410256
395	364	475	0.2236842105263158
395	309	475	0.10638297872340426
395	370	475	0.5
395	474	475	0.21212121212121213
395	364	377	0.5
395	308	364	0.1875
395	431	474	0.2
395	400	423	0.13541666666666666
395	389	423	0.10227272727272728
395	402	423	0.13157894736842105
395	418	435	0.13513513513513514
395	400	418	0.13709677419354838
395	309	418	0.15789473684210525
395	418	447	0.14285714285714285
395	388	474	0.1978021978021978
395	388	438	0.2727272727272727
395	384	447	0.12716763005780346
395	309	384	0.125
395	384	429	0.11904761904761904
395	384	474	0.2
395	403	476	0.15079365079365079
395	403	422	0.11614730878186968
395	403	447	0.17365269461077845
395	403	433	0.12121212121212122
395	403	459	0.20689655172413793
395	400	403	0.1016949152542373
395	362	389	0.16279069767441862
395	362	435	0.18333333333333332
395	309	362	0.26666666666666666
395	362	447	0.2300469483568075
395	362	402	0.2032520325203252
395	310	311	0.3
395	310	391	0.25
395	310	400	0.2727272727272727
395	310	402	0.15178571428571427
395	310	429	0.2
395	310	434	0.25333333333333335
395	310	390	0.140625
395	419	459	0.18584070796460178
395	419	434	0.1282051282051282
395	309	419	0.1875
395	419	474	0.29411764705882354
395	391	421	0.12962962962962962
395	309	421	0.21428571428571427
395	389	421	0.14285714285714285
395	421	434	0.16666666666666666
395	400	421	0.2631578947368421
395	421	442	0.17721518987341772
395	421	499	0.12121212121212122
395	390	421	0.16
395	311	453	0.16666666666666666
395	391	453	0.11764705882352941
395	400	453	0.375
395	434	453	0.23809523809523808
395	402	453	0.18181818181818182
395	311	315	0.2222222222222222
395	315	434	0.3
395	311	425	0.3333333333333333
395	425	447	0.28205128205128205
395	425	434	0.2
395	257	308	0.15217391304347827
395	257	311	0.19047619047619047
395	422	434	0.3333333333333333
395	309	422	0.5
395	400	422	0.3333333333333333
395	391	422	0.125
395	422	474	0.16666666666666666
395	140	183	0.1111111111111111
395	270	459	0.10810810810810811
395	311	476	0.2222222222222222
395	390	418	0.23809523809523808
395	269	376	0.125
395	315	402	0.2
395	315	390	0.10526315789473684
395	315	442	0.12345679012345678
395	389	422	0.14285714285714285
395	390	422	0.1111111111111111
395	378	422	0.21052631578947367
8	45	225	0.1590909090909091
8	19	45	0.3333333333333333
8	125	245	0.23529411764705882
8	45	170	0.14285714285714285
8	45	171	0.125
8	91	171	0.2727272727272727
8	91	245	0.1875
259	296	476	0.1590909090909091
259	270	296	0.3333333333333333
259	376	496	0.23529411764705882
259	296	421	0.14285714285714285
259	296	422	0.125
259	342	422	0.2727272727272727
259	342	496	0.1875
185	141	180	0.2962962962962963
185	175	180	0.13636363636363635
436	392	431	0.2962962962962963
436	426	431	0.13636363636363635
34	10	168	0.2857142857142857
285	261	419	0.2857142857142857
66	17	137	0.3333333333333333
66	17	56	0.25
66	6	17	0.23809523809523808
317	268	388	0.3333333333333333
317	268	307	0.25
317	257	268	0.23809523809523808
201	113	248	0.125
201	151	225	0.3333333333333333
201	191	225	0.1111111111111111
201	143	225	0.3333333333333333
201	49	225	0.11764705882352941
201	343	402	0.125
201	137	143	0.14285714285714285
201	6	151	0.13157894736842105
201	257	278	0.14285714285714285
201	64	151	0.16
201	151	171	0.16666666666666666
201	151	202	0.11363636363636363
201	151	174	0.13636363636363635
201	6	143	0.16666666666666666
201	6	48	0.10526315789473684
201	6	139	0.1111111111111111
201	143	168	0.25
201	19	153	0.5
201	196	209	0.2857142857142857
201	209	248	0.2
201	19	143	1.0
452	364	499	0.125
452	402	476	0.3333333333333333
452	442	476	0.1111111111111111
452	394	476	0.3333333333333333
452	300	476	0.11764705882352941
452	92	151	0.125
452	388	394	0.14285714285714285
452	257	402	0.13157894736842105
452	6	27	0.14285714285714285
452	315	402	0.16
452	402	422	0.16666666666666666
452	402	453	0.11363636363636363
452	402	425	0.13636363636363635
452	257	394	0.16666666666666666
452	257	299	0.10526315789473684
452	257	390	0.1111111111111111
452	394	419	0.25
452	270	404	0.5
452	447	460	0.2857142857142857
452	460	499	0.2
452	270	394	1.0
92	6	111	0.4838709677419355
92	111	202	0.239247311827957
343	257	362	0.4838709677419355
343	362	453	0.239247311827957
167	170	208	0.11261261261261261
167	133	191	0.10892857142857143
167	133	208	0.11188811188811189
167	167	192	0.1226252158894646
167	137	232	0.13114754098360656
418	421	459	0.11261261261261261
418	384	442	0.10892857142857143
418	384	459	0.11188811188811189
418	418	443	0.1226252158894646
418	388	483	0.13114754098360656
64	6	172	0.10355695632597929
64	6	56	0.12745869394177814
64	6	170	0.13255184851217314
64	6	133	0.10012594458438287
315	257	423	0.10355695632597929
315	257	307	0.12745869394177814
315	257	421	0.13255184851217314
315	257	384	0.10012594458438287
125	133	224	0.10578718108276292
125	172	224	0.14067656765676567
125	105	224	0.10653222270933801
125	180	224	0.12185870080606923
125	105	111	0.11739943872778298
125	56	105	0.15278922780983786
376	384	475	0.10578718108276292
376	423	475	0.14067656765676567
376	356	475	0.10653222270933801
376	431	475	0.12185870080606923
376	356	362	0.11739943872778298
376	307	356	0.15278922780983786
54	41	250	0.21592442645074225
54	161	250	0.16692913385826771
54	219	250	0.14516129032258066
54	41	137	0.1736745886654479
54	41	161	0.34502923976608185
54	41	243	0.13817480719794345
54	41	162	0.8571428571428571
54	153	243	0.1511111111111111
54	161	243	0.2709401709401709
54	219	243	0.268733850129199
54	41	184	0.2786458333333333
54	184	243	0.6710526315789473
54	161	219	0.22631578947368422
54	161	184	0.20227272727272727
54	153	161	0.21031746031746032
54	6	162	0.9142857142857143
305	292	501	0.21592442645074225
305	412	501	0.16692913385826771
305	470	501	0.14516129032258066
305	292	388	0.1736745886654479
305	292	412	0.34502923976608185
305	292	494	0.13817480719794345
305	292	413	0.8571428571428571
305	404	494	0.1511111111111111
305	412	494	0.2709401709401709
305	470	494	0.268733850129199
305	292	435	0.2786458333333333
305	435	494	0.6710526315789473
305	412	470	0.22631578947368422
305	412	435	0.20227272727272727
305	404	412	0.21031746031746032
305	257	413	0.9142857142857143
224	125	137	0.10706428746027866
224	111	137	0.12161206693377327
224	307	356	0.15636163781258589
475	376	388	0.10706428746027866
475	362	388	0.12161206693377327
475	56	105	0.15636163781258589
147	8	168	0.16279069767441862
147	225	248	0.15151515151515152
147	310	499	0.1095890410958904
147	257	499	0.11458333333333333
147	125	248	0.1111111111111111
147	125	219	0.34615384615384615
147	68	133	0.15384615384615385
147	8	64	0.4444444444444444
147	8	225	0.5
147	156	168	0.5972222222222222
147	19	45	0.3333333333333333
398	259	419	0.16279069767441862
398	476	499	0.15151515151515152
398	59	248	0.1095890410958904
398	6	248	0.11458333333333333
398	376	499	0.1111111111111111
398	376	470	0.34615384615384615
398	319	384	0.15384615384615385
398	259	315	0.4444444444444444
398	259	476	0.5
398	407	419	0.5972222222222222
398	270	296	0.3333333333333333
171	6	170	0.11992786293958521
171	6	56	0.10621557828481511
171	170	202	0.10554561717352415
171	133	202	0.10119047619047619
171	133	225	0.10514541387024609
171	64	111	0.14285714285714285
171	19	59	0.12345679012345678
171	137	225	0.1437908496732026
171	161	168	0.24546023794614902
171	59	161	0.16753926701570682
171	19	64	0.11940298507462686
171	137	161	0.22515212981744423
422	257	421	0.11992786293958521
422	257	307	0.10621557828481511
422	421	453	0.10554561717352415
422	384	453	0.10119047619047619
422	384	476	0.10514541387024609
422	315	362	0.14285714285714285
422	270	310	0.12345679012345678
422	388	476	0.1437908496732026
422	412	419	0.24546023794614902
422	310	412	0.16753926701570682
422	270	315	0.11940298507462686
422	388	412	0.22515212981744423
110	202	243	0.192090395480226
361	453	494	0.192090395480226
162	54	168	0.8263888888888888
162	54	64	0.8863636363636364
162	6	54	0.8156028368794326
162	153	161	0.12698412698412698
162	41	54	0.5613382899628253
162	54	161	0.5836734693877551
162	96	161	0.3
162	161	179	0.3469387755102041
162	54	153	0.5769230769230769
162	153	219	0.17333333333333334
162	54	250	0.6373626373626373
162	179	219	0.2631578947368421
162	184	219	0.6666666666666666
162	54	219	0.85
162	54	243	0.4731182795698925
162	54	137	0.8227848101265823
413	305	419	0.8263888888888888
413	305	315	0.8863636363636364
413	257	305	0.8156028368794326
413	404	412	0.12698412698412698
413	292	305	0.5613382899628253
413	305	412	0.5836734693877551
413	347	412	0.3
413	412	430	0.3469387755102041
413	305	404	0.5769230769230769
413	404	470	0.17333333333333334
413	305	501	0.6373626373626373
413	430	470	0.2631578947368421
413	435	470	0.6666666666666666
413	305	470	0.85
413	305	494	0.4731182795698925
413	305	388	0.8227848101265823
143	96	168	0.11818181818181818
143	125	219	0.15384615384615385
394	347	419	0.11818181818181818
394	376	470	0.15384615384615385
90	127	152	0.14285714285714285
90	133	175	0.14084507042253522
90	133	218	0.21428571428571427
90	174	196	0.10256410256410256
90	127	167	0.17391304347826086
90	56	141	0.2727272727272727
90	56	176	0.25
90	111	175	0.2222222222222222
90	175	202	0.15
90	202	218	0.3
90	6	175	0.42857142857142855
90	64	127	0.3333333333333333
90	64	176	1.0
90	126	161	0.125
90	57	243	0.11764705882352941
90	459	494	0.2
90	183	243	0.4
90	59	175	0.17647058823529413
90	59	127	0.14285714285714285
90	92	144	0.3333333333333333
90	55	182	0.5
90	175	196	1.0
90	55	175	0.6666666666666666
90	175	191	0.3333333333333333
90	175	184	0.25
90	92	175	1.0
90	175	182	0.3333333333333333
90	175	218	0.2857142857142857
90	19	175	0.5
90	141	167	0.25
90	126	178	0.16666666666666666
341	378	403	0.14285714285714285
341	384	426	0.14084507042253522
341	384	469	0.21428571428571427
341	425	447	0.10256410256410256
341	378	418	0.17391304347826086
341	307	392	0.2727272727272727
341	307	427	0.25
341	362	426	0.2222222222222222
341	426	453	0.15
341	453	469	0.3
341	257	426	0.42857142857142855
341	315	378	0.3333333333333333
341	315	427	1.0
341	377	412	0.125
341	308	494	0.11764705882352941
341	208	243	0.2
341	434	494	0.4
341	310	426	0.17647058823529413
341	310	378	0.14285714285714285
341	343	395	0.3333333333333333
341	306	433	0.5
341	426	447	1.0
341	306	426	0.6666666666666666
341	426	442	0.3333333333333333
341	426	435	0.25
341	343	426	1.0
341	426	433	0.3333333333333333
341	426	469	0.2857142857142857
341	270	426	0.5
341	392	418	0.25
341	377	429	0.16666666666666666
170	172	224	0.11427392739273927
170	56	202	0.10172413793103448
170	56	171	0.13858424725822532
170	6	56	0.12116443745082613
170	133	202	0.10714285714285714
170	171	172	0.21834862385321102
421	423	475	0.11427392739273927
421	307	453	0.10172413793103448
421	307	422	0.13858424725822532
421	257	307	0.12116443745082613
421	384	453	0.10714285714285714
421	422	423	0.21834862385321102
126	55	56	0.10285714285714286
126	152	208	0.13793103448275862
126	171	174	0.125
126	168	174	0.11076923076923077
126	172	174	0.156
126	167	208	0.14102564102564102
377	306	307	0.10285714285714286
377	403	459	0.13793103448275862
377	422	425	0.125
377	419	425	0.11076923076923077
377	423	425	0.156
377	418	459	0.14102564102564102
133	152	224	0.10005800464037123
133	111	137	0.12420457223662502
133	105	111	0.12511693171188026
133	180	224	0.1299193930772878
133	105	224	0.11091626479614204
133	137	224	0.15282071097372488
133	172	224	0.15181518151815182
133	167	224	0.10119047619047619
133	125	137	0.10836796219343274
133	105	125	0.11041229909154437
133	56	105	0.15457543281121186
133	105	168	0.10615952313369288
133	144	183	0.14102564102564102
384	403	475	0.10005800464037123
384	362	388	0.12420457223662502
384	356	362	0.12511693171188026
384	431	475	0.1299193930772878
384	356	475	0.11091626479614204
384	388	475	0.15282071097372488
384	423	475	0.15181518151815182
384	418	475	0.10119047619047619
384	376	388	0.10836796219343274
384	356	376	0.11041229909154437
384	307	356	0.15457543281121186
384	356	419	0.10615952313369288
384	395	434	0.14102564102564102
157	64	153	0.19753086419753085
157	116	168	0.32222222222222224
157	59	153	0.25
157	96	219	0.18333333333333332
157	153	171	0.3333333333333333
157	96	161	0.2833333333333333
157	116	161	0.6842105263157895
157	116	137	0.3684210526315789
157	116	219	0.2826086956521739
157	153	168	0.25806451612903225
157	92	153	0.5
157	48	168	0.5416666666666666
408	315	404	0.19753086419753085
408	367	419	0.32222222222222224
408	310	404	0.25
408	347	470	0.18333333333333332
408	404	422	0.3333333333333333
408	347	412	0.2833333333333333
408	367	412	0.6842105263157895
408	367	388	0.3684210526315789
408	367	470	0.2826086956521739
408	404	419	0.25806451612903225
408	343	404	0.5
408	299	419	0.5416666666666666
219	6	41	0.3242603550295858
219	6	161	0.5051948051948052
219	41	202	0.1597222222222222
219	41	59	0.18614270941054809
219	41	64	0.2560706401766004
219	64	161	0.13260340632603407
219	41	161	0.3591617933723197
219	41	243	0.15616966580976863
219	161	243	0.26324786324786326
470	257	292	0.3242603550295858
470	257	412	0.5051948051948052
470	292	453	0.1597222222222222
470	292	310	0.18614270941054809
470	292	315	0.2560706401766004
470	315	412	0.13260340632603407
470	292	412	0.3591617933723197
470	292	494	0.15616966580976863
470	412	494	0.26324786324786326
218	168	175	0.10526315789473684
218	175	202	0.15
218	64	175	0.25
218	175	178	0.125
218	130	167	0.45
469	419	426	0.10526315789473684
469	426	453	0.15
469	315	426	0.25
469	426	429	0.125
469	381	418	0.45
152	384	442	0.10178571428571428
152	384	459	0.11013986013986014
403	133	191	0.10178571428571428
403	133	208	0.11013986013986014
19	64	111	0.11458333333333333
270	315	362	0.11458333333333333
119	168	209	0.10126582278481013
370	419	460	0.10126582278481013
209	6	196	0.12149532710280374
209	119	170	0.14285714285714285
209	196	202	0.1223021582733813
460	257	447	0.12149532710280374
460	370	421	0.14285714285714285
460	447	453	0.1223021582733813
222	59	179	0.10989010989010989
222	219	250	0.1028225806451613
222	0	168	0.20689655172413793
222	179	219	0.14035087719298245
222	6	184	0.11813186813186813
473	310	430	0.10989010989010989
473	470	501	0.1028225806451613
473	251	419	0.20689655172413793
473	430	470	0.14035087719298245
473	257	435	0.11813186813186813
153	168	219	0.33403361344537813
153	41	64	0.20860927152317882
153	64	219	0.24242424242424243
153	64	96	0.8292682926829268
153	59	219	0.26851851851851855
153	41	59	0.15511892450879008
153	6	219	0.27389705882352944
153	96	168	0.36363636363636365
153	161	202	0.1702127659574468
153	41	202	0.13368055555555555
153	219	243	0.24289405684754523
153	202	219	0.18584070796460178
153	161	219	0.19605263157894737
153	41	137	0.1736745886654479
153	161	184	0.16818181818181818
153	96	202	0.325
153	6	96	0.40458015267175573
153	59	96	0.17647058823529413
153	41	96	0.2796610169491525
153	41	184	0.2708333333333333
404	419	470	0.33403361344537813
404	292	315	0.20860927152317882
404	315	470	0.24242424242424243
404	315	347	0.8292682926829268
404	310	470	0.26851851851851855
404	292	310	0.15511892450879008
404	257	470	0.27389705882352944
404	347	419	0.36363636363636365
404	412	453	0.1702127659574468
404	292	453	0.13368055555555555
404	470	494	0.24289405684754523
404	453	470	0.18584070796460178
404	412	470	0.19605263157894737
404	292	388	0.1736745886654479
404	412	435	0.16818181818181818
404	347	453	0.325
404	257	347	0.40458015267175573
404	310	347	0.17647058823529413
404	292	347	0.2796610169491525
404	292	435	0.2708333333333333
140	138	180	0.10294117647058823
140	105	138	0.17307692307692307
140	170	183	0.1111111111111111
140	125	184	0.10599078341013825
140	59	138	0.140625
140	139	167	0.11904761904761904
140	19	182	0.11764705882352941
391	389	431	0.10294117647058823
391	356	389	0.17307692307692307
391	421	434	0.1111111111111111
391	376	435	0.10599078341013825
391	310	389	0.140625
391	390	418	0.11904761904761904
391	270	433	0.11764705882352941
48	116	168	0.3111111111111111
48	153	202	0.15151515151515152
48	116	202	0.3
299	367	419	0.3111111111111111
299	404	453	0.15151515151515152
299	367	453	0.3
55	161	170	0.1317365269461078
55	111	225	0.10135135135135136
306	412	421	0.1317365269461078
306	362	476	0.10135135135135136
175	172	178	0.1111111111111111
175	172	218	0.16666666666666666
175	90	172	0.15789473684210525
175	56	218	0.18181818181818182
175	59	90	0.3
175	167	243	0.10416666666666667
175	105	185	0.10344827586206896
175	159	243	1.0
175	167	186	0.6764705882352942
175	137	218	0.18181818181818182
175	137	185	0.125
175	172	185	0.2
426	423	429	0.1111111111111111
426	423	469	0.16666666666666666
426	341	423	0.15789473684210525
426	307	469	0.18181818181818182
426	310	341	0.3
426	418	494	0.10416666666666667
426	356	436	0.10344827586206896
426	410	494	1.0
426	418	437	0.6764705882352942
426	388	469	0.18181818181818182
426	388	436	0.125
426	423	436	0.2
57	56	183	0.11038961038961038
57	56	140	0.10714285714285714
57	56	138	0.1125
57	171	174	0.10227272727272728
57	137	140	0.10294117647058823
57	172	183	0.11023622047244094
57	55	172	0.2
57	55	180	0.10185185185185185
57	257	356	0.13513513513513514
57	105	140	0.10416666666666667
57	125	140	0.104
57	55	111	0.13970588235294118
57	137	138	0.11382113821138211
57	168	183	0.12179487179487179
308	307	434	0.11038961038961038
308	307	391	0.10714285714285714
308	307	389	0.1125
308	422	425	0.10227272727272728
308	388	391	0.10294117647058823
308	423	434	0.11023622047244094
308	306	423	0.2
308	306	431	0.10185185185185185
308	6	105	0.13513513513513514
308	356	391	0.10416666666666667
308	376	391	0.104
308	306	362	0.13970588235294118
308	388	389	0.11382113821138211
308	419	434	0.12179487179487179
141	137	185	0.15
141	168	175	0.10526315789473684
141	105	185	0.10344827586206896
141	133	185	0.21212121212121213
141	172	185	0.125
141	64	175	0.16666666666666666
392	388	436	0.15
392	419	426	0.10526315789473684
392	356	436	0.10344827586206896
392	384	436	0.21212121212121213
392	423	436	0.125
392	315	426	0.16666666666666666
196	133	202	0.10238095238095238
196	92	168	0.16740088105726872
196	92	137	0.12602739726027398
447	384	453	0.10238095238095238
447	343	419	0.16740088105726872
447	343	388	0.12602739726027398
182	168	184	0.21956087824351297
182	133	161	0.10344827586206896
433	419	435	0.21956087824351297
433	384	412	0.10344827586206896
166	179	202	0.25
417	430	453	0.25
38	18	64	0.14285714285714285
289	269	315	0.14285714285714285
244	179	243	0.14285714285714285
495	430	494	0.14285714285714285
183	105	138	0.1346153846153846
183	56	138	0.1375
183	138	224	0.13636363636363635
434	356	389	0.1346153846153846
434	307	389	0.1375
434	389	475	0.13636363636363635
151	170	201	1.0
151	170	191	0.16455696202531644
151	18	170	0.5
151	170	192	0.14285714285714285
151	300	421	0.4
151	6	223	0.5
151	201	202	0.1111111111111111
151	140	202	0.11764705882352941
151	60	202	0.3333333333333333
151	178	202	0.13333333333333333
151	149	202	0.375
151	192	202	1.0
151	105	209	0.28125
151	105	119	0.1111111111111111
151	137	201	0.375
151	191	224	0.10619469026548672
151	201	224	0.2857142857142857
151	26	224	0.4
151	18	224	0.5
151	188	224	0.125
151	168	192	0.36363636363636365
151	403	447	0.12574850299401197
151	18	125	0.125
151	49	125	0.6571428571428571
151	133	201	0.5
151	18	133	0.16666666666666666
151	133	235	0.3333333333333333
151	111	209	0.21818181818181817
151	60	111	0.17647058823529413
151	18	111	1.0
151	60	64	0.2222222222222222
151	60	92	0.5
151	60	196	0.5
151	60	174	0.3333333333333333
151	60	225	0.1111111111111111
151	60	178	0.3333333333333333
151	60	191	1.0
151	311	460	0.3333333333333333
151	191	225	0.1388888888888889
151	64	191	0.1111111111111111
151	191	243	0.25
151	174	196	0.23076923076923078
151	144	196	0.25
151	169	196	0.6666666666666666
151	26	196	0.4
151	18	196	1.0
151	182	196	0.16666666666666666
151	126	243	0.16666666666666666
151	126	178	0.16666666666666666
151	144	209	0.75
151	57	209	0.5
151	370	460	0.25
151	92	169	0.3333333333333333
151	92	174	0.14285714285714285
151	92	178	0.3333333333333333
151	343	435	0.3333333333333333
151	92	119	1.0
151	26	92	0.2
151	92	140	0.5
151	171	183	0.1111111111111111
151	201	225	0.3333333333333333
151	140	225	0.5
151	18	167	0.2222222222222222
151	34	137	0.45
151	19	191	0.6666666666666666
151	149	171	0.1111111111111111
151	105	188	0.25
151	139	140	0.10526315789473684
402	421	452	1.0
402	421	442	0.16455696202531644
402	269	421	0.5
402	421	443	0.14285714285714285
402	49	170	0.4
402	257	474	0.5
402	452	453	0.1111111111111111
402	391	453	0.11764705882352941
402	311	453	0.3333333333333333
402	429	453	0.13333333333333333
402	400	453	0.375
402	443	453	1.0
402	356	460	0.28125
402	356	370	0.1111111111111111
402	388	452	0.375
402	442	475	0.10619469026548672
402	452	475	0.2857142857142857
402	277	475	0.4
402	269	475	0.5
402	439	475	0.125
402	419	443	0.36363636363636365
402	152	196	0.12574850299401197
402	269	376	0.125
402	300	376	0.6571428571428571
402	384	452	0.5
402	269	384	0.16666666666666666
402	384	486	0.3333333333333333
402	362	460	0.21818181818181817
402	311	362	0.17647058823529413
402	269	362	1.0
402	311	315	0.2222222222222222
402	311	343	0.5
402	311	447	0.5
402	311	425	0.3333333333333333
402	311	476	0.1111111111111111
402	311	429	0.3333333333333333
402	311	442	1.0
402	60	209	0.3333333333333333
402	442	476	0.1388888888888889
402	315	442	0.1111111111111111
402	442	494	0.25
402	425	447	0.23076923076923078
402	395	447	0.25
402	420	447	0.6666666666666666
402	277	447	0.4
402	269	447	1.0
402	433	447	0.16666666666666666
402	377	494	0.16666666666666666
402	377	429	0.16666666666666666
402	395	460	0.75
402	308	460	0.5
402	119	209	0.25
402	343	420	0.3333333333333333
402	343	425	0.14285714285714285
402	343	429	0.3333333333333333
402	92	184	0.3333333333333333
402	343	370	1.0
402	277	343	0.2
402	343	391	0.5
402	422	434	0.1111111111111111
402	452	476	0.3333333333333333
402	391	476	0.5
402	269	418	0.2222222222222222
402	285	388	0.45
402	270	442	0.6666666666666666
402	400	422	0.1111111111111111
402	356	439	0.25
402	390	391	0.10526315789473684
184	6	243	0.6940509915014165
184	59	243	0.541095890410959
184	168	243	0.8103448275862069
184	168	182	0.26222222222222225
184	137	243	0.3447368421052632
184	161	243	0.24358974358974358
435	257	494	0.6940509915014165
435	310	494	0.541095890410959
435	419	494	0.8103448275862069
435	419	433	0.26222222222222225
435	388	494	0.3447368421052632
435	412	494	0.24358974358974358
139	138	168	0.12280701754385964
139	167	184	0.12162162162162163
139	184	225	0.3125
139	111	184	0.13333333333333333
139	59	140	0.20833333333333334
139	184	224	0.10256410256410256
139	125	184	0.11981566820276497
139	56	184	0.14130434782608695
139	183	184	0.20833333333333334
139	138	183	0.10416666666666667
139	138	184	0.16666666666666666
390	389	419	0.12280701754385964
390	418	435	0.12162162162162163
390	435	476	0.3125
390	362	435	0.13333333333333333
390	310	391	0.20833333333333334
390	435	475	0.10256410256410256
390	376	435	0.11981566820276497
390	307	435	0.14130434782608695
390	434	435	0.20833333333333334
390	389	434	0.10416666666666667
390	389	435	0.16666666666666666
96	41	202	0.1388888888888889
96	59	219	0.25
96	64	219	0.22510822510822512
96	202	219	0.22123893805309736
96	153	202	0.3333333333333333
96	6	219	0.2536764705882353
96	6	153	0.52
96	41	59	0.15511892450879008
96	59	153	0.3181818181818182
96	41	64	0.2097130242825607
96	41	153	0.14322916666666666
96	41	219	0.47956403269754766
96	64	153	0.37037037037037035
96	161	219	0.18157894736842106
347	292	453	0.1388888888888889
347	310	470	0.25
347	315	470	0.22510822510822512
347	453	470	0.22123893805309736
347	404	453	0.3333333333333333
347	257	470	0.2536764705882353
347	257	404	0.52
347	292	310	0.15511892450879008
347	310	404	0.3181818181818182
347	292	315	0.2097130242825607
347	292	404	0.14322916666666666
347	292	470	0.47956403269754766
347	315	404	0.37037037037037035
347	412	470	0.18157894736842106
149	22	105	0.75
400	273	356	0.75
17	66	168	0.375
17	59	66	0.3333333333333333
17	64	66	0.4
268	317	419	0.375
268	310	317	0.3333333333333333
268	315	317	0.4
59	6	172	0.15263394867176946
310	257	423	0.15263394867176946
179	6	250	0.15714285714285714
179	168	245	0.1325503355704698
179	168	250	0.19329896907216496
179	64	250	0.140625
179	59	250	0.2261904761904762
179	59	245	0.17379679144385027
179	64	245	0.12171052631578948
179	225	245	0.32211538461538464
179	64	243	0.20481927710843373
179	41	250	0.17139001349527666
179	225	250	0.25333333333333335
179	219	250	0.14112903225806453
179	161	250	0.14330708661417324
430	257	501	0.15714285714285714
430	419	496	0.1325503355704698
430	419	501	0.19329896907216496
430	315	501	0.140625
430	310	501	0.2261904761904762
430	310	496	0.17379679144385027
430	315	496	0.12171052631578948
430	476	496	0.32211538461538464
430	315	494	0.20481927710843373
430	292	501	0.17139001349527666
430	476	501	0.25333333333333335
430	470	501	0.14112903225806453
430	412	501	0.14330708661417324
161	41	172	0.46953405017921146
161	6	41	0.35798816568047337
412	292	423	0.46953405017921146
412	257	292	0.35798816568047337
202	92	168	0.2687224669603524
453	343	419	0.2687224669603524
111	56	125	0.1359085599866511
111	388	475	0.1489567233384853
362	307	376	0.1359085599866511
362	137	224	0.1489567233384853
208	137	223	0.16483516483516483
208	388	398	0.10416666666666667
208	180	191	0.14814814814814814
208	398	431	0.1875
208	224	225	0.1018867924528302
208	191	224	0.10619469026548672
208	113	224	0.14473684210526316
208	92	111	0.3300970873786408
208	111	243	0.27358490566037735
208	196	202	0.1223021582733813
208	144	202	0.12162162162162163
208	191	202	0.13953488372093023
208	133	223	0.16470588235294117
208	133	196	0.1329479768786127
208	152	225	0.1349206349206349
208	105	113	0.15151515151515152
208	92	105	0.11965811965811966
208	152	171	0.10198300283286119
208	6	144	0.13333333333333333
208	170	196	0.10810810810810811
208	92	167	0.10236220472440945
208	161	174	0.10909090909090909
208	105	191	0.12444444444444444
208	64	191	0.16049382716049382
459	388	474	0.16483516483516483
459	137	147	0.10416666666666667
459	431	442	0.14814814814814814
459	147	180	0.1875
459	475	476	0.1018867924528302
459	442	475	0.10619469026548672
459	364	475	0.14473684210526316
459	343	362	0.3300970873786408
459	362	494	0.27358490566037735
459	447	453	0.1223021582733813
459	395	453	0.12162162162162163
459	442	453	0.13953488372093023
459	384	474	0.16470588235294117
459	384	447	0.1329479768786127
459	403	476	0.1349206349206349
459	356	364	0.15151515151515152
459	343	356	0.11965811965811966
459	403	422	0.10198300283286119
459	257	395	0.13333333333333333
459	421	447	0.10810810810810811
459	343	418	0.10236220472440945
459	412	425	0.10909090909090909
459	356	442	0.12444444444444444
459	315	442	0.16049382716049382
137	167	172	0.10726643598615918
137	137	192	0.10820895522388059
388	418	423	0.10726643598615918
388	388	443	0.10820895522388059
68	113	169	0.15384615384615385
68	45	171	0.125
68	64	187	0.2222222222222222
68	59	169	0.125
319	364	420	0.15384615384615385
319	296	422	0.125
319	315	438	0.2222222222222222
319	310	420	0.125
53	235	250	0.12121212121212122
53	178	245	0.2
53	235	245	0.12790697674418605
53	137	235	0.46153846153846156
304	486	501	0.12121212121212122
304	429	496	0.2
304	486	496	0.12790697674418605
304	388	486	0.46153846153846156
